# x_1=x=1.500000e-01, x_2=y=0.000000e+00, x_3=x^dot=3.202780e-01, x_4=y^dot=2.535261e+00, alpha=1.445133e+00rad , |x_vec|=2.555411e+00, schalter=1, tstep=1.000000e-02
# x_1=x     |     x_2=y  | energy      
1.500000e-01 0.000000e+00 1.582437e+00
1.520267e-01 2.535261e-02 1.584452e+00
1.520563e-01 5.040191e-02 1.586244e+00
1.502339e-01 7.492528e-02 1.587856e+00
1.467329e-01 9.874524e-02 1.589323e+00
1.417400e-01 1.217296e-01 1.590670e+00
1.354438e-01 1.437879e-01 1.591913e+00
1.280254e-01 1.648651e-01 1.593062e+00
1.196536e-01 1.849352e-01 1.594122e+00
1.104817e-01 2.039944e-01 1.595097e+00
1.006460e-01 2.220559e-01 1.595993e+00
9.026646e-02 2.391445e-01 1.596812e+00
7.944763e-02 2.552930e-01 1.597560e+00
6.827969e-02 2.705394e-01 1.598242e+00
5.684015e-02 2.849243e-01 1.598863e+00
4.519534e-02 2.984898e-01 1.599429e+00
3.340187e-02 3.112778e-01 1.599945e+00
2.150792e-02 3.233295e-01 1.600414e+00
9.554437e-03 3.346848e-01 1.600843e+00
-2.423826e-03 3.453822e-01 1.601234e+00
-1.439743e-02 3.554579e-01 1.601592e+00
-2.634147e-02 3.649466e-01 1.601920e+00
-3.823489e-02 3.738808e-01 1.602220e+00
-5.005996e-02 3.822911e-01 1.602497e+00
-6.180175e-02 3.902063e-01 1.602752e+00
-7.344776e-02 3.976533e-01 1.602986e+00
-8.498754e-02 4.046575e-01 1.603204e+00
-9.641240e-02 4.112422e-01 1.603405e+00
-1.077152e-01 4.174298e-01 1.603591e+00
-1.188900e-01 4.232408e-01 1.603765e+00
-1.299320e-01 4.286945e-01 1.603926e+00
-1.408375e-01 4.338090e-01 1.604077e+00
-1.516035e-01 4.386013e-01 1.604218e+00
-1.622276e-01 4.430872e-01 1.604349e+00
-1.727082e-01 4.472816e-01 1.604473e+00
-1.830441e-01 4.511983e-01 1.604589e+00
-1.932346e-01 4.548505e-01 1.604698e+00
-2.032794e-01 4.582504e-01 1.604801e+00
-2.131783e-01 4.614095e-01 1.604898e+00
-2.229319e-01 4.643387e-01 1.604990e+00
-2.325404e-01 4.670480e-01 1.605077e+00
-2.420047e-01 4.695471e-01 1.605159e+00
-2.513257e-01 4.718451e-01 1.605237e+00
-2.605043e-01 4.739502e-01 1.605311e+00
-2.695418e-01 4.758707e-01 1.605382e+00
-2.784395e-01 4.776140e-01 1.605449e+00
-2.871986e-01 4.791872e-01 1.605514e+00
-2.958206e-01 4.805971e-01 1.605575e+00
-3.043071e-01 4.818500e-01 1.605634e+00
-3.126595e-01 4.829519e-01 1.605690e+00
-3.208794e-01 4.839086e-01 1.605744e+00
-3.289685e-01 4.847253e-01 1.605796e+00
-3.369282e-01 4.854072e-01 1.605846e+00
-3.447603e-01 4.859591e-01 1.605894e+00
-3.524664e-01 4.863856e-01 1.605940e+00
-3.600482e-01 4.866909e-01 1.605984e+00
-3.675072e-01 4.868793e-01 1.606027e+00
-3.748451e-01 4.869545e-01 1.606069e+00
-3.820635e-01 4.869202e-01 1.606109e+00
-3.891641e-01 4.867801e-01 1.606148e+00
-3.961484e-01 4.865373e-01 1.606185e+00
-4.030179e-01 4.861951e-01 1.606222e+00
-4.097743e-01 4.857565e-01 1.606257e+00
-4.164190e-01 4.852242e-01 1.606291e+00
-4.229536e-01 4.846011e-01 1.606325e+00
-4.293796e-01 4.838896e-01 1.606357e+00
-4.356984e-01 4.830923e-01 1.606389e+00
-4.419114e-01 4.822115e-01 1.606420e+00
-4.480201e-01 4.812493e-01 1.606450e+00
-4.540258e-01 4.802079e-01 1.606479e+00
-4.599299e-01 4.790892e-01 1.606508e+00
-4.657336e-01 4.778952e-01 1.606536e+00
-4.714384e-01 4.766277e-01 1.606564e+00
-4.770454e-01 4.752883e-01 1.606590e+00
-4.825558e-01 4.738788e-01 1.606617e+00
-4.879710e-01 4.724006e-01 1.606643e+00
-4.932920e-01 4.708553e-01 1.606668e+00
-4.985201e-01 4.692442e-01 1.606693e+00
-5.036562e-01 4.675687e-01 1.606717e+00
-5.087016e-01 4.658299e-01 1.606741e+00
-5.136573e-01 4.640292e-01 1.606765e+00
-5.185242e-01 4.621677e-01 1.606788e+00
-5.233035e-01 4.602463e-01 1.606811e+00
-5.279960e-01 4.582662e-01 1.606833e+00
-5.326027e-01 4.562283e-01 1.606855e+00
-5.371246e-01 4.541335e-01 1.606877e+00
-5.415625e-01 4.519826e-01 1.606899e+00
-5.459173e-01 4.497765e-01 1.606920e+00
-5.501897e-01 4.475160e-01 1.606941e+00
-5.543807e-01 4.452018e-01 1.606962e+00
-5.584909e-01 4.428345e-01 1.606982e+00
-5.625211e-01 4.404148e-01 1.607003e+00
-5.664721e-01 4.379433e-01 1.607023e+00
-5.703445e-01 4.354206e-01 1.607043e+00
-5.741389e-01 4.328471e-01 1.607062e+00
-5.778561e-01 4.302234e-01 1.607082e+00
-5.814966e-01 4.275500e-01 1.607101e+00
-5.850609e-01 4.248272e-01 1.607120e+00
-5.885497e-01 4.220554e-01 1.607140e+00
-5.919635e-01 4.192350e-01 1.607158e+00
-5.953027e-01 4.163664e-01 1.607177e+00
-5.985679e-01 4.134498e-01 1.607196e+00
-6.017594e-01 4.104856e-01 1.607214e+00
-6.048777e-01 4.074739e-01 1.607233e+00
-6.079231e-01 4.044150e-01 1.607251e+00
-6.108961e-01 4.013091e-01 1.607270e+00
-6.137969e-01 3.981563e-01 1.607288e+00
-6.166259e-01 3.949569e-01 1.607306e+00
-6.193833e-01 3.917109e-01 1.607324e+00
-6.220694e-01 3.884185e-01 1.607342e+00
-6.246844e-01 3.850797e-01 1.607360e+00
-6.272285e-01 3.816946e-01 1.607378e+00
-6.297019e-01 3.782632e-01 1.607396e+00
-6.321046e-01 3.747857e-01 1.607413e+00
-6.344368e-01 3.712618e-01 1.607431e+00
-6.366986e-01 3.676918e-01 1.607449e+00
-6.388901e-01 3.640755e-01 1.607467e+00
-6.410112e-01 3.604128e-01 1.607485e+00
-6.430619e-01 3.567038e-01 1.607502e+00
-6.450422e-01 3.529483e-01 1.607520e+00
-6.469520e-01 3.491463e-01 1.607538e+00
-6.487913e-01 3.452976e-01 1.607556e+00
-6.505598e-01 3.414021e-01 1.607574e+00
-6.522575e-01 3.374596e-01 1.607592e+00
-6.538841e-01 3.334701e-01 1.607610e+00
-6.554394e-01 3.294332e-01 1.607628e+00
-6.569232e-01 3.253490e-01 1.607646e+00
-6.583351e-01 3.212170e-01 1.607664e+00
-6.596748e-01 3.170373e-01 1.607682e+00
-6.609419e-01 3.128094e-01 1.607701e+00
-6.621362e-01 3.085333e-01 1.607719e+00
-6.632570e-01 3.042086e-01 1.607738e+00
-6.643040e-01 2.998351e-01 1.607756e+00
-6.652766e-01 2.954125e-01 1.607775e+00
-6.661743e-01 2.909406e-01 1.607794e+00
-6.669965e-01 2.864191e-01 1.607813e+00
-6.677426e-01 2.818477e-01 1.607832e+00
-6.684119e-01 2.772260e-01 1.607852e+00
-6.690037e-01 2.725539e-01 1.607871e+00
-6.695171e-01 2.678310e-01 1.607891e+00
-6.699516e-01 2.630569e-01 1.607911e+00
-6.703061e-01 2.582313e-01 1.607931e+00
-6.705797e-01 2.533539e-01 1.607951e+00
-6.707717e-01 2.484244e-01 1.607972e+00
-6.708808e-01 2.434425e-01 1.607993e+00
-6.709062e-01 2.384077e-01 1.608014e+00
-6.708467e-01 2.333198e-01 1.608035e+00
-6.707012e-01 2.281783e-01 1.608057e+00
-6.704684e-01 2.229831e-01 1.608079e+00
-6.701471e-01 2.177336e-01 1.608101e+00
-6.697359e-01 2.124296e-01 1.608124e+00
-6.692335e-01 2.070707e-01 1.608147e+00
-6.686385e-01 2.016566e-01 1.608170e+00
-6.679492e-01 1.961869e-01 1.608194e+00
-6.671642e-01 1.906613e-01 1.608218e+00
-6.662817e-01 1.850795e-01 1.608243e+00
-6.653001e-01 1.794412e-01 1.608268e+00
-6.642174e-01 1.737461e-01 1.608293e+00
-6.630319e-01 1.679938e-01 1.608319e+00
-6.617416e-01 1.621842e-01 1.608346e+00
-6.603444e-01 1.563169e-01 1.608373e+00
-6.588381e-01 1.503917e-01 1.608401e+00
-6.572206e-01 1.444084e-01 1.608429e+00
-6.554895e-01 1.383667e-01 1.608459e+00
-6.536423e-01 1.322666e-01 1.608488e+00
-6.516766e-01 1.261077e-01 1.608519e+00
-6.495897e-01 1.198902e-01 1.608550e+00
-6.473788e-01 1.136138e-01 1.608583e+00
-6.450411e-01 1.072784e-01 1.608616e+00
-6.425736e-01 1.008843e-01 1.608650e+00
-6.399731e-01 9.443123e-02 1.608685e+00
-6.372364e-01 8.791946e-02 1.608721e+00
-6.343600e-01 8.134911e-02 1.608758e+00
-6.313405e-01 7.472040e-02 1.608796e+00
-6.281742e-01 6.803362e-02 1.608836e+00
-6.248572e-01 6.128913e-02 1.608877e+00
-6.213854e-01 5.448740e-02 1.608920e+00
-6.177548e-01 4.762895e-02 1.608964e+00
-6.139608e-01 4.071443e-02 1.609009e+00
-6.099989e-01 3.374459e-02 1.609056e+00
-6.058644e-01 2.672030e-02 1.609106e+00
-6.015523e-01 1.964258e-02 1.609157e+00
-5.970573e-01 1.251258e-02 1.609210e+00
-5.923741e-01 5.331608e-03 1.609265e+00
-5.874969e-01 -1.898845e-03 1.609323e+00
-5.824198e-01 -9.177097e-03 1.609383e+00
-5.771367e-01 -1.650125e-02 1.609446e+00
-5.716409e-01 -2.386917e-02 1.609512e+00
-5.659259e-01 -3.127849e-02 1.609582e+00
-5.599844e-01 -3.872651e-02 1.609654e+00
-5.538090e-01 -4.621027e-02 1.609730e+00
-5.473921e-01 -5.372643e-02 1.609811e+00
-5.407254e-01 -6.127130e-02 1.609895e+00
-5.338006e-01 -6.884074e-02 1.609984e+00
-5.266088e-01 -7.643016e-02 1.610078e+00
-5.191406e-01 -8.403447e-02 1.610178e+00
-5.113864e-01 -9.164799e-02 1.610283e+00
-5.033361e-01 -9.926442e-02 1.610395e+00
-4.949790e-01 -1.068768e-01 1.610513e+00
-4.863041e-01 -1.144773e-01 1.610640e+00
-4.772998e-01 -1.220573e-01 1.610774e+00
-4.679541e-01 -1.296072e-01 1.610918e+00
-4.582543e-01 -1.371164e-01 1.611072e+00
-4.481874e-01 -1.445729e-01 1.611237e+00
-4.377398e-01 -1.519637e-01 1.611414e+00
-4.268973e-01 -1.592740e-01 1.611605e+00
-4.156453e-01 -1.664874e-01 1.611810e+00
-4.039688e-01 -1.735858e-01 1.612032e+00
-3.918523e-01 -1.805489e-01 1.612273e+00
-3.792798e-01 -1.873540e-01 1.612534e+00
-3.662352e-01 -1.939758e-01 1.612819e+00
-3.527023e-01 -2.003862e-01 1.613130e+00
-3.386648e-01 -2.065535e-01 1.613470e+00
-3.241068e-01 -2.124427e-01 1.613843e+00
-3.090127e-01 -2.180142e-01 1.614254e+00
-2.933682e-01 -2.232243e-01 1.614708e+00
-2.771600e-01 -2.280238e-01 1.615211e+00
-2.603772e-01 -2.323579e-01 1.615771e+00
-2.430116e-01 -2.361656e-01 1.616396e+00
-2.250587e-01 -2.393792e-01 1.617095e+00
-2.065195e-01 -2.419238e-01 1.617880e+00
-1.874014e-01 -2.437164e-01 1.618764e+00
-1.677203e-01 -2.446667e-01 1.619763e+00
-1.475029e-01 -2.446761e-01 1.620893e+00
-1.267897e-01 -2.436392e-01 1.622172e+00
-1.056371e-01 -2.414445e-01 1.623620e+00
-8.412152e-02 -2.379765e-01 1.625256e+00
-6.234205e-02 -2.331195e-01 1.627094e+00
-4.042357e-02 -2.267617e-01 1.629145e+00
-1.851864e-02 -2.188022e-01 1.631408e+00
3.192108e-03 -2.091582e-01 1.633867e+00
2.450210e-02 -1.977743e-01 1.636490e+00
4.518405e-02 -1.846317e-01 1.639224e+00
6.499882e-02 -1.697563e-01 1.642002e+00
8.370755e-02 -1.532241e-01 1.644748e+00
1.010860e-01 -1.351623e-01 1.647391e+00
1.169389e-01 -1.157455e-01 1.649874e+00
1.311129e-01 -9.518613e-02 1.652164e+00
1.435040e-01 -7.372138e-02 1.654251e+00
1.540613e-01 -5.159843e-02 1.656144e+00
1.627843e-01 -2.906006e-02 1.657863e+00
1.697161e-01 -6.332801e-03 1.659431e+00
1.749349e-01 1.638122e-02 1.660869e+00
1.785439e-01 3.890885e-02 1.662194e+00
1.806620e-01 6.110721e-02 1.663418e+00
1.814156e-01 8.286257e-02 1.664550e+00
1.809329e-01 1.040877e-01 1.665597e+00
1.793390e-01 1.247186e-01 1.666563e+00
1.767528e-01 1.447106e-01 1.667454e+00
1.732854e-01 1.640352e-01 1.668274e+00
1.690391e-01 1.826765e-01 1.669028e+00
1.641067e-01 2.006288e-01 1.669721e+00
1.585725e-01 2.178942e-01 1.670358e+00
1.525119e-01 2.344803e-01 1.670942e+00
1.459925e-01 2.503995e-01 1.671479e+00
1.390745e-01 2.656670e-01 1.671973e+00
1.318115e-01 2.803001e-01 1.672427e+00
1.242512e-01 2.943178e-01 1.672846e+00
1.164360e-01 3.077395e-01 1.673232e+00
1.084033e-01 3.205852e-01 1.673589e+00
1.001866e-01 3.328751e-01 1.673919e+00
9.181548e-02 3.446289e-01 1.674226e+00
8.331615e-02 3.558661e-01 1.674511e+00
7.471202e-02 3.666058e-01 1.674776e+00
6.602385e-02 3.768662e-01 1.675023e+00
5.727009e-02 3.866651e-01 1.675254e+00
4.846718e-02 3.960196e-01 1.675470e+00
3.962972e-02 4.049460e-01 1.675672e+00
3.077074e-02 4.134600e-01 1.675863e+00
2.190184e-02 4.215766e-01 1.676042e+00
1.303334e-02 4.293100e-01 1.676211e+00
4.174467e-03 4.366739e-01 1.676370e+00
-4.666577e-03 4.436812e-01 1.676521e+00
-1.348247e-02 4.503442e-01 1.676664e+00
-2.226669e-02 4.566747e-01 1.676800e+00
-3.101342e-02 4.626838e-01 1.676930e+00
-3.971748e-02 4.683822e-01 1.677053e+00
-4.837426e-02 4.737800e-01 1.677170e+00
-5.697965e-02 4.788868e-01 1.677282e+00
-6.553000e-02 4.837116e-01 1.677390e+00
-7.402208e-02 4.882633e-01 1.677493e+00
-8.245300e-02 4.925500e-01 1.677592e+00
-9.082022e-02 4.965795e-01 1.677687e+00
-9.912147e-02 5.003594e-01 1.677778e+00
-1.073548e-01 5.038967e-01 1.677866e+00
-1.155184e-01 5.071981e-01 1.677951e+00
-1.236108e-01 5.102702e-01 1.678033e+00
-1.316306e-01 5.131189e-01 1.678113e+00
-1.395766e-01 5.157501e-01 1.678190e+00
-1.474478e-01 5.181693e-01 1.678264e+00
-1.552434e-01 5.203817e-01 1.678337e+00
-1.629625e-01 5.223923e-01 1.678407e+00
-1.706045e-01 5.242059e-01 1.678476e+00
-1.781689e-01 5.258270e-01 1.678542e+00
-1.856551e-01 5.272598e-01 1.678607e+00
-1.930628e-01 5.285085e-01 1.678671e+00
-2.003917e-01 5.295770e-01 1.678733e+00
-2.076415e-01 5.304688e-01 1.678794e+00
-2.148120e-01 5.311875e-01 1.678853e+00
-2.219029e-01 5.317365e-01 1.678911e+00
-2.289143e-01 5.321188e-01 1.678968e+00
-2.358459e-01 5.323376e-01 1.679024e+00
-2.426977e-01 5.323955e-01 1.679079e+00
-2.494697e-01 5.322954e-01 1.679133e+00
-2.561618e-01 5.320397e-01 1.679186e+00
-2.627740e-01 5.316309e-01 1.679239e+00
-2.693063e-01 5.310713e-01 1.679290e+00
-2.757588e-01 5.303630e-01 1.679341e+00
-2.821313e-01 5.295081e-01 1.679391e+00
-2.884239e-01 5.285084e-01 1.679441e+00
-2.946366e-01 5.273658e-01 1.679490e+00
-3.007694e-01 5.260821e-01 1.679538e+00
-3.068222e-01 5.246587e-01 1.679586e+00
-3.127951e-01 5.230973e-01 1.679634e+00
-3.186880e-01 5.213991e-01 1.679681e+00
-3.245007e-01 5.195655e-01 1.679728e+00
-3.302333e-01 5.175978e-01 1.679774e+00
-3.358856e-01 5.154971e-01 1.679820e+00
-3.414575e-01 5.132643e-01 1.679866e+00
-3.469487e-01 5.109005e-01 1.679912e+00
-3.523593e-01 5.084066e-01 1.679957e+00
-3.576888e-01 5.057833e-01 1.680002e+00
-3.629371e-01 5.030314e-01 1.680047e+00
-3.681038e-01 5.001515e-01 1.680092e+00
-3.731887e-01 4.971443e-01 1.680137e+00
-3.781914e-01 4.940103e-01 1.680181e+00
-3.831115e-01 4.907498e-01 1.680226e+00
-3.879484e-01 4.873633e-01 1.680270e+00
-3.927019e-01 4.838512e-01 1.680315e+00
-3.973712e-01 4.802136e-01 1.680359e+00
-4.019558e-01 4.764508e-01 1.680404e+00
-4.064551e-01 4.725629e-01 1.680449e+00
-4.108683e-01 4.685499e-01 1.680494e+00
-4.151948e-01 4.644120e-01 1.680539e+00
-4.194336e-01 4.601491e-01 1.680584e+00
-4.235839e-01 4.557611e-01 1.680629e+00
-4.276448e-01 4.512479e-01 1.680675e+00
-4.316153e-01 4.466092e-01 1.680721e+00
-4.354941e-01 4.418449e-01 1.680767e+00
-4.392803e-01 4.369546e-01 1.680813e+00
-4.429726e-01 4.319380e-01 1.680860e+00
-4.465696e-01 4.267949e-01 1.680907e+00
-4.500699e-01 4.215246e-01 1.680955e+00
-4.534720e-01 4.161268e-01 1.681003e+00
-4.567744e-01 4.106009e-01 1.681052e+00
-4.599753e-01 4.049465e-01 1.681101e+00
-4.630730e-01 3.991629e-01 1.681151e+00
-4.660656e-01 3.932494e-01 1.681201e+00
-4.689511e-01 3.872055e-01 1.681253e+00
-4.717272e-01 3.810304e-01 1.681305e+00
-4.743919e-01 3.747235e-01 1.681357e+00
-4.769426e-01 3.682839e-01 1.681411e+00
-4.793770e-01 3.617109e-01 1.681465e+00
-4.816923e-01 3.550036e-01 1.681521e+00
-4.838857e-01 3.481613e-01 1.681577e+00
-4.859543e-01 3.411831e-01 1.681635e+00
-4.878948e-01 3.340681e-01 1.681694e+00
-4.897042e-01 3.268155e-01 1.681754e+00
-4.913787e-01 3.194243e-01 1.681815e+00
-4.929148e-01 3.118937e-01 1.681878e+00
-4.943085e-01 3.042227e-01 1.681942e+00
-4.955559e-01 2.964106e-01 1.682008e+00
-4.966524e-01 2.884563e-01 1.682076e+00
-4.975936e-01 2.803591e-01 1.682145e+00
-4.983747e-01 2.721182e-01 1.682217e+00
-4.989905e-01 2.637326e-01 1.682291e+00
-4.994357e-01 2.552017e-01 1.682367e+00
-4.997047e-01 2.465248e-01 1.682445e+00
-4.997913e-01 2.377012e-01 1.682527e+00
-4.996894e-01 2.287304e-01 1.682611e+00
-4.993921e-01 2.196118e-01 1.682697e+00
-4.988926e-01 2.103452e-01 1.682788e+00
-4.981832e-01 2.009302e-01 1.682881e+00
-4.972561e-01 1.913669e-01 1.682979e+00
-4.961030e-01 1.816551e-01 1.683080e+00
-4.947151e-01 1.717953e-01 1.683186e+00
-4.930830e-01 1.617879e-01 1.683297e+00
-4.911969e-01 1.516337e-01 1.683413e+00
-4.890462e-01 1.413336e-01 1.683534e+00
-4.866201e-01 1.308891e-01 1.683661e+00
-4.839066e-01 1.203018e-01 1.683795e+00
-4.808935e-01 1.095741e-01 1.683935e+00
-4.775675e-01 9.870863e-02 1.684084e+00
-4.739148e-01 8.770859e-02 1.684240e+00
-4.699207e-01 7.657793e-02 1.684406e+00
-4.655694e-01 6.532130e-02 1.684582e+00
-4.608444e-01 5.394423e-02 1.684769e+00
-4.557282e-01 4.245317e-02 1.684968e+00
-4.502022e-01 3.085572e-02 1.685180e+00
-4.442467e-01 1.916071e-02 1.685407e+00
-4.378410e-01 7.378420e-03 1.685650e+00
-4.309631e-01 -4.479208e-03 1.685911e+00
-4.235898e-01 -1.639836e-02 1.686192e+00
-4.156967e-01 -2.836306e-02 1.686496e+00
-4.072582e-01 -4.035487e-02 1.686824e+00
-3.982472e-01 -5.235253e-02 1.687180e+00
-3.886359e-01 -6.433155e-02 1.687567e+00
-3.783948e-01 -7.626376e-02 1.687989e+00
-3.674940e-01 -8.811676e-02 1.688451e+00
-3.559024e-01 -9.985338e-02 1.688959e+00
-3.435886e-01 -1.114310e-01 1.689517e+00
-3.305214e-01 -1.228008e-01 1.690134e+00
-3.166699e-01 -1.339069e-01 1.690817e+00
-3.020045e-01 -1.446859e-01 1.691575e+00
-2.864984e-01 -1.550655e-01 1.692421e+00
-2.701281e-01 -1.649639e-01 1.693364e+00
-2.528760e-01 -1.742892e-01 1.694420e+00
-2.347316e-01 -1.829386e-01 1.695602e+00
-2.156952e-01 -1.907982e-01 1.696926e+00
-1.957799e-01 -1.977434e-01 1.698408e+00
-1.750160e-01 -2.036400e-01 1.700060e+00
-1.534543e-01 -2.083460e-01 1.701895e+00
-1.311704e-01 -2.117152e-01 1.703914e+00
-1.082677e-01 -2.136023e-01 1.706115e+00
-8.488045e-02 -2.138693e-01 1.708480e+00
-6.117435e-02 -2.123939e-01 1.710979e+00
-3.734469e-02 -2.090787e-01 1.713566e+00
-1.361164e-02 -2.038602e-01 1.716186e+00
9.788006e-03 -1.967176e-01 1.718781e+00
3.261185e-02 -1.876774e-01 1.721292e+00
5.462471e-02 -1.768151e-01 1.723675e+00
7.561140e-02 -1.642525e-01 1.725901e+00
9.538778e-02 -1.501501e-01 1.727958e+00
1.138084e-01 -1.346970e-01 1.729849e+00
1.307704e-01 -1.180989e-01 1.731585e+00
1.462129e-01 -1.005668e-01 1.733182e+00
1.601138e-01 -8.230684e-02 1.734655e+00
1.724842e-01 -6.351289e-02 1.736018e+00
1.833614e-01 -4.436118e-02 1.737281e+00
1.928030e-01 -2.500778e-02 1.738451e+00
2.008800e-01 -5.587634e-03 1.739537e+00
2.076719e-01 1.378484e-02 1.740542e+00
2.132627e-01 3.301439e-02 1.741473e+00
2.177373e-01 5.202300e-02 1.742333e+00
2.211794e-01 7.074782e-02 1.743127e+00
2.236698e-01 8.913907e-02 1.743860e+00
2.252853e-01 1.071580e-01 1.744537e+00
2.260983e-01 1.247753e-01 1.745161e+00
2.261762e-01 1.419691e-01 1.745738e+00
2.255814e-01 1.587242e-01 1.746271e+00
2.243717e-01 1.750304e-01 1.746764e+00
2.226000e-01 1.908816e-01 1.747221e+00
2.203150e-01 2.062754e-01 1.747645e+00
2.175611e-01 2.212119e-01 1.748039e+00
2.143790e-01 2.356933e-01 1.748406e+00
2.108059e-01 2.497235e-01 1.748748e+00
2.068756e-01 2.633080e-01 1.749068e+00
2.026193e-01 2.764528e-01 1.749368e+00
1.980650e-01 2.891651e-01 1.749648e+00
1.932388e-01 3.014523e-01 1.749912e+00
1.881641e-01 3.133224e-01 1.750161e+00
1.828626e-01 3.247835e-01 1.750395e+00
1.773541e-01 3.358438e-01 1.750617e+00
1.716566e-01 3.465118e-01 1.750827e+00
1.657866e-01 3.567955e-01 1.751026e+00
1.597595e-01 3.667034e-01 1.751215e+00
1.535890e-01 3.762433e-01 1.751396e+00
1.472881e-01 3.854233e-01 1.751568e+00
1.408686e-01 3.942510e-01 1.751732e+00
1.343412e-01 4.027340e-01 1.751890e+00
1.277159e-01 4.108795e-01 1.752040e+00
1.210019e-01 4.186946e-01 1.752185e+00
1.142078e-01 4.261862e-01 1.752325e+00
1.073414e-01 4.333607e-01 1.752459e+00
1.004098e-01 4.402247e-01 1.752589e+00
9.341984e-02 4.467840e-01 1.752714e+00
8.637770e-02 4.530447e-01 1.752836e+00
7.928913e-02 4.590123e-01 1.752953e+00
7.215947e-02 4.646921e-01 1.753067e+00
6.499368e-02 4.700893e-01 1.753178e+00
5.779638e-02 4.752089e-01 1.753286e+00
5.057186e-02 4.800555e-01 1.753391e+00
4.332413e-02 4.846336e-01 1.753494e+00
3.605695e-02 4.889474e-01 1.753594e+00
2.877379e-02 4.930009e-01 1.753692e+00
2.147796e-02 4.967981e-01 1.753788e+00
1.417251e-02 5.003425e-01 1.753882e+00
6.860345e-03 5.036376e-01 1.753974e+00
-4.558126e-04 5.066867e-01 1.754065e+00
-7.773391e-03 5.094928e-01 1.754154e+00
-1.508996e-02 5.120587e-01 1.754242e+00
-2.240320e-02 5.143873e-01 1.754328e+00
-2.971093e-02 5.164810e-01 1.754414e+00
-3.701104e-02 5.183422e-01 1.754498e+00
-4.430154e-02 5.199732e-01 1.754581e+00
-5.158048e-02 5.213759e-01 1.754663e+00
-5.884602e-02 5.225522e-01 1.754745e+00
-6.609635e-02 5.235039e-01 1.754825e+00
-7.332973e-02 5.242326e-01 1.754906e+00
-8.054445e-02 5.247396e-01 1.754985e+00
-8.773884e-02 5.250263e-01 1.755064e+00
-9.491126e-02 5.250938e-01 1.755143e+00
-1.020601e-01 5.249431e-01 1.755221e+00
-1.091837e-01 5.245750e-01 1.755299e+00
-1.162805e-01 5.239903e-01 1.755376e+00
-1.233488e-01 5.231895e-01 1.755454e+00
-1.303871e-01 5.221731e-01 1.755531e+00
-1.373936e-01 5.209414e-01 1.755609e+00
-1.443668e-01 5.194947e-01 1.755686e+00
-1.513049e-01 5.178328e-01 1.755764e+00
-1.582062e-01 5.159558e-01 1.755841e+00
-1.650689e-01 5.138635e-01 1.755919e+00
-1.718912e-01 5.115554e-01 1.755998e+00
-1.786711e-01 5.090312e-01 1.756076e+00
-1.854066e-01 5.062903e-01 1.756155e+00
-1.920958e-01 5.033319e-01 1.756235e+00
-1.987365e-01 5.001552e-01 1.756315e+00
-2.053265e-01 4.967592e-01 1.756396e+00
-2.118634e-01 4.931428e-01 1.756478e+00
-2.183448e-01 4.893048e-01 1.756560e+00
-2.247681e-01 4.852439e-01 1.756644e+00
-2.311306e-01 4.809585e-01 1.756728e+00
-2.374295e-01 4.764471e-01 1.756814e+00
-2.436617e-01 4.717080e-01 1.756901e+00
-2.498241e-01 4.667392e-01 1.756989e+00
-2.559133e-01 4.615389e-01 1.757079e+00
-2.619257e-01 4.561048e-01 1.757170e+00
-2.678577e-01 4.504348e-01 1.757263e+00
-2.737051e-01 4.445266e-01 1.757357e+00
-2.794637e-01 4.383776e-01 1.757454e+00
-2.851291e-01 4.319853e-01 1.757553e+00
-2.906964e-01 4.253469e-01 1.757654e+00
-2.961605e-01 4.184596e-01 1.757758e+00
-3.015161e-01 4.113205e-01 1.757865e+00
-3.067572e-01 4.039265e-01 1.757974e+00
-3.118777e-01 3.962745e-01 1.758087e+00
-3.168710e-01 3.883611e-01 1.758202e+00
-3.217302e-01 3.801830e-01 1.758322e+00
-3.264476e-01 3.717369e-01 1.758446e+00
-3.310153e-01 3.630191e-01 1.758574e+00
-3.354246e-01 3.540260e-01 1.758706e+00
-3.396663e-01 3.447541e-01 1.758844e+00
-3.437306e-01 3.351996e-01 1.758987e+00
-3.476069e-01 3.253589e-01 1.759136e+00
-3.512839e-01 3.152282e-01 1.759291e+00
-3.547494e-01 3.048040e-01 1.759454e+00
-3.579904e-01 2.940827e-01 1.759624e+00
-3.609928e-01 2.830609e-01 1.759802e+00
-3.637414e-01 2.717351e-01 1.759990e+00
-3.662202e-01 2.601024e-01 1.760187e+00
-3.684115e-01 2.481601e-01 1.760396e+00
-3.702966e-01 2.359056e-01 1.760617e+00
-3.718552e-01 2.233370e-01 1.760850e+00
-3.730653e-01 2.104529e-01 1.761099e+00
-3.739033e-01 1.972528e-01 1.761364e+00
-3.743438e-01 1.837368e-01 1.761646e+00
-3.743593e-01 1.699063e-01 1.761949e+00
-3.739201e-01 1.557637e-01 1.762274e+00
-3.729943e-01 1.413133e-01 1.762624e+00
-3.715471e-01 1.265612e-01 1.763002e+00
-3.695416e-01 1.115155e-01 1.763411e+00
-3.669375e-01 9.618747e-02 1.763855e+00
-3.636919e-01 8.059128e-02 1.764340e+00
-3.597585e-01 6.474517e-02 1.764869e+00
-3.550882e-01 4.867197e-02 1.765451e+00
-3.496282e-01 3.240002e-02 1.766090e+00
-3.433231e-01 1.596418e-02 1.766797e+00
-3.361144e-01 -5.929677e-04 1.767581e+00
-3.279414e-01 -1.721986e-02 1.768452e+00
-3.187417e-01 -3.385441e-02 1.769424e+00
-3.084524e-01 -5.042242e-02 1.770511e+00
-2.970118e-01 -6.683590e-02 1.771730e+00
-2.843614e-01 -8.299137e-02 1.773096e+00
-2.704490e-01 -9.876840e-02 1.774628e+00
-2.552324e-01 -1.140285e-01 1.776342e+00
-2.386840e-01 -1.286148e-01 1.778252e+00
-2.207964e-01 -1.423530e-01 1.780368e+00
-2.015885e-01 -1.550535e-01 1.782686e+00
-1.811117e-01 -1.665163e-01 1.785195e+00
-1.594555e-01 -1.765384e-01 1.787863e+00
-1.367513e-01 -1.849227e-01 1.790646e+00
-1.131735e-01 -1.914905e-01 1.793481e+00
